0.0200000014156103
0.0400000028312206
0.0600000023841858
0.0800000056624413
0.100000001490116
0.120000004768372
0.140000000596046
0.160000011324883
0.180000007152557
0.200000002980232
0.20100000500679
0.221000015735626
0.241000011563301
0.261000007390976
0.281000018119812
0.301000028848648
0.321000009775162
0.341000020503998
0.361000031232834
0.381000012159348
0.401000022888184
0.42100003361702
0.441000014543533
0.461000025272369
0.481000036001205
0.501000046730042
0.521000027656555
0.541000008583069
0.561000049114227
0.581000030040741
0.601000010967255
0.621000051498413
0.641000032424927
0.66100001335144
0.681000053882599
0.701000034809113
0.721000015735626
0.741000056266785
0.761000037193298
0.781000018119812
0.800000011920929
0.80100005865097
0.821000039577484
0.841000020503998
0.861000061035156
0.88100004196167
0.901000022888184
0.921000063419342
0.941000044345856
0.961000025272369
0.981000065803528
1.00100004673004
1.02100002765656
1.04100000858307
1.06100010871887
1.08100008964539
1.1010000705719
1.12100005149841
1.14100003242493
1.16100001335144
1.18100011348724
1.20100009441376
1.22100007534027
1.24100005626678
1.2610000371933
1.28100001811981
1.30100011825562
1.32100009918213
1.34100008010864
1.36100006103516
1.38100004196167
1.40100002288818
1.42100012302399
1.4410001039505
1.46100008487701
1.48100006580353
1.50100004673004
1.52100002765656
1.54100012779236
1.56100010871887
1.58100008964539
1.6010000705719
1.62100005149841
1.64100003242493
1.66100013256073
1.68100011348724
1.70100009441376
1.72100007534027
1.74100005626678
1.7610000371933
1.7810001373291
1.80100011825562
1.82100009918213
1.84100008010864
1.86100006103516
1.88100004196167
1.90100014209747
1.92100012302399
1.9410001039505
1.96100008487701
1.98100006580353
2.00100016593933
2.02100014686584
2.04100012779236
2.06100010871887
2.08100008964539
2.1010000705719
2.12100005149841
2.14100003242493
2.16100001335144
2.18099999427795
2.20100021362305
2.22100019454956
2.24100017547607
2.26100015640259
2.2810001373291
2.30100011825562
2.32100009918213
2.34100008010864
2.36100006103516
2.38100004196167
2.40100002288818
2.4210000038147
2.44100022315979
2.4610002040863
2.48100018501282
2.50100016593933
2.52100014686584
2.54100012779236
2.56100010871887
2.58100008964539
2.6010000705719
2.62100005149841
2.64100003242493
2.66100001335144
2.68100023269653
2.70100021362305
2.72100019454956
2.74100017547607
2.76100015640259
2.7810001373291
2.80100011825562
2.82100009918213
2.84100008010864
2.86100006103516
2.88100004196167
2.90100002288818
2.92100024223328
2.94100022315979
2.9610002040863
2.98100018501282
3.00100016593933
3.02100014686584
3.04100012779236
3.06100010871887
3.08100008964539
3.1010000705719
3.12100005149841
3.14100003242493
3.16100025177002
3.18100023269653
3.20100021362305
3.22100019454956
3.24100017547607
3.26100015640259
3.2810001373291
3.30100011825562
3.32100009918213
3.34100008010864
3.36100006103516
3.38100004196167
3.40100026130676
3.42100024223328
3.44100022315979
3.4610002040863
3.48100018501282
3.50100016593933
3.52100014686584
3.54100012779236
3.56100010871887
3.58100008964539
3.6010000705719
3.62100028991699
3.64100027084351
3.66100025177002
3.68100023269653
3.70100021362305
3.72100019454956
3.74100017547607
3.76100015640259
3.7810001373291
3.80100011825562
3.82100009918213
3.84100008010864
3.86100029945374
3.88100028038025
3.90100026130676
3.92100024223328
3.94100022315979
3.9610002040863
3.98100018501282
4.00100040435791
4.02100038528442
4.04100036621094
4.06100034713745
4.08100032806396
4.10100030899048
4.12100028991699
4.14100027084351
4.16100025177002
4.18100023269653
4.20100021362305
4.22100019454956
4.24100017547607
4.26100015640259
4.2810001373291
4.30100011825562
4.32100009918213
4.34100008010864
4.36100006103516
4.38100004196167
4.40100002288818
4.4210000038147
4.44099998474121
4.46100044250488
4.4810004234314
4.50100040435791
4.52100038528442
4.54100036621094
4.56100034713745
4.58100032806396
4.60100030899048
4.62100028991699
4.64100027084351
4.66100025177002
4.68100023269653
4.70100021362305
4.72100019454956
4.74100017547607
4.76100015640259
4.7810001373291
4.80100011825562
4.82100009918213
4.84100008010864
4.86100006103516
4.88100004196167
4.90100002288818
4.9210000038147
4.94100046157837
4.96100044250488
4.9810004234314
5.00100040435791
5.02100038528442
5.04100036621094
5.06100034713745
5.08100032806396
5.10100030899048
5.12100028991699
5.14100027084351
5.16100025177002
5.18100023269653
5.20100021362305
5.22100019454956
5.24100017547607
5.26100015640259
5.2810001373291
5.30100011825562
5.32100009918213
5.34100008010864
5.36100006103516
5.38100004196167
5.40100002288818
5.42100048065186
5.44100046157837
5.46100044250488
5.4810004234314
5.50100040435791
5.52100038528442
5.54100036621094
5.56100034713745
5.58100032806396
5.60100030899048
5.62100028991699
5.64100027084351
5.66100025177002
5.68100023269653
5.70100021362305
5.72100019454956
5.74100017547607
5.76100015640259
5.7810001373291
5.80100011825562
5.82100009918213
5.84100008010864
5.86100006103516
5.88100004196167
5.90100049972534
5.92100048065186
5.94100046157837
5.96100044250488
5.9810004234314
6.00100040435791
6.02100038528442
6.04100036621094
6.06100034713745
6.08100032806396
6.10100030899048
6.12100028991699
6.14100027084351
6.16100025177002
6.18100023269653
6.20100021362305
6.22100019454956
6.24100017547607
6.26100015640259
6.2810001373291
6.30100011825562
6.32100009918213
6.34100008010864
6.36100053787231
6.38100051879883
6.40100049972534
6.42100048065186
6.44100046157837
6.46100044250488
6.4810004234314
6.50100040435791
6.52100038528442
6.54100036621094
6.56100034713745
6.58100032806396
6.60100030899048
6.62100028991699
6.64100027084351
6.66100025177002
6.68100023269653
6.70100021362305
6.72100019454956
6.74100017547607
6.76100015640259
6.7810001373291
6.80100011825562
6.82100009918213
6.8410005569458
6.86100053787231
6.88100051879883
6.90100049972534
6.92100048065186
6.94100046157837
6.96100044250488
6.9810004234314
7.00100040435791
7.02100038528442
7.04100036621094
7.06100034713745
7.08100032806396
7.10100030899048
7.12100028991699
7.14100027084351
7.16100025177002
7.18100023269653
7.20100021362305
7.22100019454956
7.24100017547607
7.26100015640259
7.2810001373291
7.30100011825562
7.32100057601929
7.3410005569458
7.36100053787231
7.38100051879883
7.40100049972534
7.42100048065186
7.44100046157837
7.46100044250488
7.4810004234314
7.50100040435791
7.52100038528442
7.54100036621094
7.56100034713745
7.58100032806396
7.60100030899048
7.62100028991699
7.64100027084351
7.66100025177002
7.68100023269653
7.70100021362305
7.72100019454956
7.74100017547607
7.76100015640259
7.7810001373291
7.80100059509277
7.82100057601929
7.8410005569458
7.86100053787231
7.88100051879883
7.90100049972534
7.92100048065186
7.94100046157837
7.96100044250488
7.9810004234314
8.00100040435791
8.02099990844727
8.04100036621094
8.06100082397461
8.08100032806396
8.10100078582764
8.12100028991699
8.14100074768066
8.16100025177002
8.18100070953369
8.20100021362305
8.22100067138672
8.24100017547607
8.26100063323975
8.2810001373291
8.30100059509277
8.32100009918213
8.3410005569458
8.36100006103516
8.38100051879883
8.40100002288818
8.42100048065186
8.44099998474121
8.46100044250488
8.48099994659424
8.50100040435791
8.52100086212158
8.54100036621094
8.56100082397461
8.58100032806396
8.60100078582764
8.62100028991699
8.64100074768066
8.66100025177002
8.68100070953369
8.70100021362305
8.72100067138672
8.74100017547607
8.76100063323975
8.7810001373291
8.80100059509277
8.82100009918213
8.8410005569458
8.86100006103516
8.88100051879883
8.90100002288818
8.92100048065186
8.94099998474121
8.96100044250488
8.98100090026855
9.00100040435791
9.02100086212158
9.04100036621094
9.06100082397461
9.08100032806396
9.10100078582764
9.12100028991699
9.14100074768066
9.16100025177002
9.18100070953369
9.20100021362305
9.22100067138672
9.24100017547607
9.26100063323975
9.2810001373291
9.30100059509277
9.32100009918213
9.3410005569458
9.36100006103516
9.38100051879883
9.40100002288818
9.42100048065186
9.44099998474121
9.46100044250488
9.48100090026855
9.50100040435791
9.52100086212158
9.54100036621094
9.56100082397461
9.58100032806396
9.60100078582764
9.62100028991699
9.64100074768066
9.66100025177002
9.68100070953369
9.70100021362305
9.72100067138672
9.74100017547607
9.76100063323975
9.7810001373291
9.80100059509277
9.82100009918213
9.8410005569458
9.86100006103516
9.88100051879883
9.90100002288818
9.92100048065186
9.94100093841553
9.96100044250488
9.98100090026855
10.0010004043579
10.0210008621216
10.0410003662109
10.0610008239746
10.081000328064
10.1010007858276
10.121000289917
10.1410007476807
10.16100025177
10.1810007095337
10.201000213623
10.2210006713867
10.2410001754761
10.2610006332397
10.2810001373291
10.3010005950928
10.3210000991821
10.3410005569458
10.3610000610352
10.3810005187988
10.4010000228882
10.4210004806519
10.4410009384155
10.4610004425049
10.4810009002686
10.5010004043579
10.5210008621216
10.5410003662109
10.5610008239746
10.581000328064
10.6010007858276
10.621000289917
10.6410007476807
10.66100025177
10.6810007095337
10.701000213623
10.7210006713867
10.7410001754761
10.7610006332397
10.7810001373291
10.8010005950928
10.8210000991821
10.8410005569458
10.8610000610352
10.8810005187988
10.9010009765625
10.9210004806519
10.9410009384155
10.9610004425049
10.9810009002686
11.0010004043579
11.0210008621216
11.0410003662109
11.0610008239746
11.081000328064
11.1010007858276
11.121000289917
11.1410007476807
11.16100025177
11.1810007095337
11.201000213623
11.2210006713867
11.2410001754761
11.2610006332397
11.2810001373291
11.3010005950928
11.3210000991821
11.3410005569458
11.3610010147095
11.3810005187988
11.4010009765625
11.4210004806519
11.4410009384155
11.4610004425049
11.4810009002686
11.5010004043579
11.5210008621216
11.5410003662109
11.5610008239746
11.581000328064
11.6010007858276
11.621000289917
11.6410007476807
11.66100025177
11.6810007095337
11.701000213623
11.7210006713867
11.7410001754761
11.7610006332397
11.7810001373291
11.8010005950928
11.8210000991821
11.8410005569458
11.8610010147095
11.8810005187988
11.9010009765625
11.9210004806519
11.9410009384155
11.9610004425049
11.9810009002686
12.0010004043579
12.0210008621216
12.0410003662109
12.0610008239746
12.081000328064
12.1010007858276
12.121000289917
12.1410007476807
12.16100025177
12.1810007095337
12.201000213623
12.2210006713867
12.2410001754761
12.2610006332397
12.2810001373291
12.3010005950928
12.3210010528564
12.3410005569458
12.3610010147095
12.3810005187988
12.4010009765625
12.4210004806519
12.4410009384155
12.4610004425049
12.4810009002686
12.5010004043579
12.5210008621216
12.5410003662109
12.5610008239746
12.581000328064
12.6010007858276
12.621000289917
12.6410007476807
12.66100025177
12.6810007095337
12.701000213623
12.7210006713867
12.7410001754761
12.7610006332397
12.7810001373291
12.8010005950928
12.8210010528564
12.8410005569458
12.8610010147095
12.8810005187988
12.9010009765625
12.9210004806519
12.9410009384155
12.9610004425049
12.9810009002686
13.0010004043579
13.0210008621216
13.0410003662109
13.0610008239746
13.081000328064
13.1010007858276
13.121000289917
13.1410007476807
13.16100025177
13.1810007095337
13.201000213623
13.2210006713867
13.2410001754761
13.2610006332397
13.2810010910034
13.3010005950928
13.3210010528564
13.3410005569458
13.3610010147095
13.3810005187988
13.4010009765625
13.4210004806519
13.4410009384155
13.4610004425049
13.4810009002686
13.5010004043579
13.5210008621216
13.5410003662109
13.5610008239746
13.581000328064
13.6010007858276
13.621000289917
13.6410007476807
13.66100025177
13.6810007095337
13.701000213623
13.7210006713867
13.7410011291504
13.7610006332397
13.7810010910034
13.8010005950928
13.8210010528564
13.8410005569458
13.8610010147095
13.8810005187988
13.9010009765625
13.9210004806519
13.9410009384155
13.9610004425049
13.9810009002686
14.0010004043579
14.0210008621216
14.0410003662109
14.0610008239746
14.081000328064
14.1010007858276
14.121000289917
14.1410007476807
14.16100025177
14.1810007095337
14.201000213623
14.2210006713867
14.2410011291504
14.2610006332397
14.2810010910034
14.3010005950928
14.3210010528564
14.3410005569458
14.3610010147095
14.3810005187988
14.4010009765625
14.4210004806519
14.4410009384155
14.4610004425049
14.4810009002686
14.5010004043579
14.5210008621216
14.5410003662109
14.5610008239746
14.581000328064
14.6010007858276
14.621000289917
14.6410007476807
14.66100025177
14.6810007095337
14.7010011672974
14.7210006713867
14.7410011291504
14.7610006332397
14.7810010910034
14.8010005950928
14.8210010528564
14.8410005569458
14.8610010147095
14.8810005187988
14.9010009765625
14.9210004806519
14.9410009384155
14.9610004425049
14.9810009002686
15.0010004043579
15.0210008621216
15.0410003662109
15.0610008239746
15.081000328064
15.1010007858276
15.121000289917
15.1410007476807
15.16100025177
15.1810007095337
15.2010011672974
15.2210006713867
15.2410011291504
15.2610006332397
15.2810010910034
15.3010005950928
15.3210010528564
15.3410005569458
15.3610010147095
15.3810005187988
15.4010009765625
15.4210004806519
15.4410009384155
15.4610004425049
15.4810009002686
15.5010004043579
15.5210008621216
15.5410003662109
15.5610008239746
15.581000328064
15.6010007858276
15.621000289917
15.6410007476807
15.6610012054443
15.6810007095337
15.7010011672974
15.7210006713867
15.7410011291504
15.7610006332397
15.7810010910034
15.8010005950928
15.8210010528564
15.8410005569458
15.8610010147095
15.8810005187988
15.9010009765625
15.9210004806519
15.9410009384155
15.9610004425049
15.9810009002686
16.0010013580322
16.0209999084473
16.0410003662109
16.0610008239746
16.0810012817383
16.1009998321533
16.121000289917
16.1410007476807
16.1610012054443
16.181001663208
16.201000213623
16.2210006713867
16.2410011291504
16.2610015869141
16.2810001373291
16.3010005950928
16.3210010528564
16.3410015106201
16.3610000610352
16.3810005187988
16.4010009765625
16.4210014343262
16.4409999847412
16.4610004425049
16.4810009002686
16.5010013580322
16.5209999084473
16.5410003662109
16.5610008239746
16.5810012817383
16.601001739502
16.621000289917
16.6410007476807
16.6610012054443
16.681001663208
16.701000213623
16.7210006713867
16.7410011291504
16.7610015869141
16.7810001373291
16.8010005950928
16.8210010528564
16.8410015106201
16.8610000610352
16.8810005187988
16.9010009765625
16.9210014343262
16.9409999847412
16.9610004425049
16.9810009002686
17.0010013580322
17.0209999084473
17.0410003662109
17.0610008239746
17.0810012817383
17.101001739502
17.121000289917
17.1410007476807
17.1610012054443
17.181001663208
17.201000213623
17.2210006713867
17.2410011291504
17.2610015869141
17.2810001373291
17.3010005950928
17.3210010528564
17.3410015106201
17.3610000610352
17.3810005187988
17.4010009765625
17.4210014343262
17.4409999847412
17.4610004425049
17.4810009002686
17.5010013580322
17.5209999084473
17.5410003662109
17.5610008239746
17.5810012817383
17.601001739502
17.621000289917
17.6410007476807
17.6610012054443
17.681001663208
17.701000213623
17.7210006713867
17.7410011291504
17.7610015869141
17.7810001373291
17.8010005950928
17.8210010528564
17.8410015106201
17.8610000610352
17.8810005187988
17.9010009765625
17.9210014343262
17.9409999847412
17.9610004425049
17.9810009002686
18.0010013580322
18.0209999084473
18.0410003662109
18.0610008239746
18.0810012817383
18.101001739502
18.121000289917
18.1410007476807
18.1610012054443
18.181001663208
18.201000213623
18.2210006713867
18.2410011291504
18.2610015869141
18.2810001373291
18.3010005950928
18.3210010528564
18.3410015106201
18.3610000610352
18.3810005187988
18.4010009765625
18.4210014343262
18.4409999847412
18.4610004425049
18.4810009002686
18.5010013580322
18.5210018157959
18.5410003662109
18.5610008239746
18.5810012817383
18.601001739502
18.621000289917
18.6410007476807
18.6610012054443
18.681001663208
18.701000213623
18.7210006713867
18.7410011291504
18.7610015869141
18.7810001373291
18.8010005950928
18.8210010528564
18.8410015106201
18.8610000610352
18.8810005187988
18.9010009765625
18.9210014343262
18.9409999847412
18.9610004425049
18.9810009002686
19.0010013580322
19.0210018157959
19.0410003662109
19.0610008239746
19.0810012817383
19.101001739502
19.121000289917
19.1410007476807
19.1610012054443
19.181001663208
19.201000213623
19.2210006713867
19.2410011291504
19.2610015869141
19.2810001373291
19.3010005950928
19.3210010528564
19.3410015106201
19.3610000610352
19.3810005187988
19.4010009765625
19.4210014343262
19.4409999847412
19.4610004425049
19.4810009002686
19.5010013580322
19.5210018157959
19.5410003662109
19.5610008239746
19.5810012817383
19.601001739502
19.621000289917
19.6410007476807
19.6610012054443
19.681001663208
19.701000213623
19.7210006713867
19.7410011291504
19.7610015869141
19.7810001373291
19.8010005950928
19.8210010528564
19.8410015106201
19.8610000610352
19.8810005187988
19.9010009765625
19.9210014343262
19.9410018920898
19.9610004425049
19.9810009002686
